1;47 17 22 9 3 48 42 31 30 39 24 2 14 50 34 4 25 18 33 43 16 41 32 ;26 september 2024;2 21;airsoft
2;31 9 5 20 1 44 41 37 49 40 4 18 2 35 10 33 25 46 36 21 11 30 43 48 39 29 19 ;18 january 2025;13 53;math
3;32 44 41 45 8 39 22 9 27 12 28 42 36 21 5 23 18 2 24 37 13 47 46 29 10 20 33 48 26 17 ;18 december 2021;9 56;computational logic
4;25 22 36 32 28 37 5 39 43 24 41 2 26 33 44 45 29 21 13 49 38 35 ;18 march 2022;6 49;fundamentals of programing
5;45 35 13 32 50 49 40 25 5 12 46 36 30 41 27 17 23 6 8 19 21 44 43 9 47 10 1 11 22 ;6 october 2017;18 14;party hard
6;50 31 47 ;23 july 2022;4 58;error debugging
7;11 10 9 27 21 49 50 44 12 35 28 41 6 31 1 37 17 46 18 32 36 19 20 24 38 25 33 16 ;26 november 2020;6 32;painting
8;37 39 34 10 42 30 32 47 16 35 18 20 26 19 5 46 29 ;11 january 2017;0 32;basketball
9;45 29 25 3 35 15 44 41 33 19 7 23 38 6 5 12 37 16 27 32 4 49 26 48 30 39 28 43 22 9 36 21 46 17 ;12 august 2019;9 53;error debugging
10;12 50 23 26 ;18 february 2022;15 49;airsoft
11;31 5 46 22 50 1 23 41 33 25 12 15 ;12 june 2025;6 26;assembly
12;6 ;31 december 2019;3 18;fundamentals of programing
13;48 9 19 37 ;28 august 2022;17 38;skateing
14;7 39 14 34 21 47 35 31 48 10 23 41 37 49 4 11 50 13 ;16 july 2025;10 25;computational logic
15;17 45 30 22 35 49 21 43 15 48 25 12 47 38 4 24 39 6 2 11 19 8 ;5 december 2020;18 20;twerk
16;31 32 1 38 21 47 12 18 23 34 27 13 49 10 15 25 17 4 11 2 28 40 5 3 48 33 41 ;8 march 2022;19 14;painting
17;35 47 16 5 14 21 38 7 20 44 40 37 42 29 39 28 ;8 august 2025;7 18;cycling
18;39 8 14 37 6 50 44 13 9 18 17 43 34 22 27 32 12 40 2 ;13 july 2024;16 47;basketball
19;36 14 16 15 28 32 49 3 29 43 21 34 41 47 50 12 30 22 38 31 ;1 september 2021;16 35;cycling
20;40 15 39 28 7 49 44 27 11 43 41 47 35 36 45 6 33 1 37 42 48 34 25 32 14 13 10 38 24 12 29 9 ;19 october 2025;19 23;assembly
21;42 26 7 15 14 16 41 23 6 38 31 49 44 19 4 48 17 2 33 5 10 35 50 24 12 27 29 45 11 ;25 october 2020;6 11;voleyball
22;47 44 34 35 3 45 14 13 11 10 31 ;1 february 2019;21 47;snowboarding
23;34 7 33 20 9 36 11 42 12 22 26 38 14 41 48 19 5 3 37 23 6 10 1 ;26 october 2018;15 37;party hard
24;27 37 18 32 25 31 43 41 1 21 29 17 49 40 45 50 5 10 12 30 33 20 48 28 2 22 15 26 47 8 38 24 ;2 january 2019;0 55;music production
25;48 38 46 40 45 12 39 8 26 37 9 20 18 3 30 50 2 31 15 41 5 49 17 14 28 ;26 january 2021;15 47;party hard
26;12 21 32 31 36 44 17 20 11 14 41 49 9 35 24 18 6 26 50 30 4 38 39 19 40 ;16 november 2020;15 48;twerk
27;19 9 49 25 35 47 ;27 december 2019;5 42;assembly
28;32 10 21 25 41 19 13 29 26 44 38 18 20 49 5 14 33 11 22 16 1 2 ;19 august 2018;2 6;baseball
29;21 4 27 6 48 28 29 14 37 18 24 3 39 31 46 43 9 2 17 15 13 12 10 7 26 22 34 11 23 40 50 20 5 49 38 25 ;22 january 2019;17 56;computational logic
30;30 25 8 12 35 43 36 32 37 33 2 15 34 38 10 11 31 20 14 49 23 ;1 august 2024;16 49;basketball
31;27 50 13 9 34 19 26 49 25 6 35 44 28 47 40 36 45 38 42 41 32 22 30 ;23 october 2022;22 52;painting
32;45 36 40 32 27 14 29 44 4 33 16 15 47 34 28 6 25 26 ;8 november 2017;3 44;cycling
33;39 4 40 47 46 5 25 15 31 20 29 2 ;14 january 2019;2 33;basketball
34;44 23 16 10 36 15 45 34 3 ;11 march 2024;22 19;painting
35;41 11 10 45 9 14 16 46 17 39 30 24 26 33 15 18 34 3 13 ;23 march 2017;8 36;basketball
36;16 32 31 11 12 2 23 42 40 48 1 25 7 50 5 27 49 6 18 38 46 34 33 29 3 ;3 january 2021;6 20;airsoft
37;18 44 24 12 31 49 14 32 38 3 1 28 29 15 21 9 5 13 35 ;1 january 2025;20 50;snowboarding
38;8 14 29 20 16 3 22 6 47 30 11 17 38 34 41 2 46 27 13 45 12 7 40 48 15 10 49 21 39 43 36 37 ;14 august 2025;21 9;snowboarding
39;5 30 44 27 ;25 august 2017;5 29;assembly
40;22 48 29 32 37 46 45 27 25 38 6 2 19 20 18 41 9 24 17 5 43 21 36 14 ;1 december 2025;12 36;baseball
41;14 43 21 13 31 49 47 3 12 4 50 19 23 45 7 15 35 27 11 10 30 34 22 5 33 32 26 41 ;26 february 2022;14 3;basketball
42;33 46 18 39 6 2 36 34 9 19 37 47 17 38 44 ;8 june 2022;1 2;fundamentals of programing
43;4 ;9 february 2019;19 8;basketball
44;32 48 9 31 11 49 14 47 7 8 ;31 october 2018;11 51;computational logic
45;8 32 36 22 15 11 ;18 october 2023;3 42;footbal
46;27 38 7 41 4 32 22 9 24 35 11 2 30 10 17 8 50 47 1 46 48 37 3 44 39 20 13 18 29 42 ;21 september 2021;5 12;assembly
47;49 12 46 25 41 7 16 1 42 11 3 17 48 40 18 21 27 9 ;26 january 2024;16 42;skateing
48;32 13 48 31 4 46 33 7 8 43 14 11 17 39 50 49 15 1 26 37 19 27 20 2 18 ;29 november 2020;0 12;twerk
49;9 49 30 39 25 45 3 19 ;8 january 2024;16 33;ski
50;5 16 17 41 37 10 26 38 12 29 46 27 14 20 21 8 6 49 36 39 47 ;25 october 2021;11 27;assembly
51;45 24 36 26 48 46 2 40 19 35 41 44 27 47 22 23 29 32 13 7 11 39 6 1 17 15 9 30 49 16 31 12 34 ;27 august 2025;13 49;cycling
52;25 21 13 12 42 28 47 15 10 8 11 46 23 14 ;6 march 2021;22 53;snowboarding
53;18 ;27 february 2018;12 25;computational logic
54;37 49 36 40 26 15 6 2 21 17 43 4 3 29 46 50 34 19 41 ;27 october 2022;23 12;basketball
55;13 20 40 42 17 38 49 33 43 35 9 16 11 27 32 48 45 26 ;1 october 2021;13 26;paintball
56;29 21 35 20 6 47 27 36 13 1 ;30 july 2019;4 51;airsoft
57;13 26 14 38 7 34 8 5 31 4 22 ;9 september 2018;14 34;painting
58;47 45 27 32 23 41 ;20 november 2022;13 5;fundamentals of programing
59;36 16 2 6 38 19 ;25 march 2022;2 12;math
60;10 31 8 14 26 3 20 11 46 43 34 48 29 38 6 42 24 50 45 27 37 36 44 7 40 4 19 16 41 17 32 30 5 12 21 2 ;2 october 2023;21 52;music production
61;5 36 13 49 39 24 28 30 26 8 9 11 1 14 6 41 38 18 23 21 2 48 47 42 4 ;31 january 2025;3 20;ski
62;43 22 17 36 39 41 16 40 10 12 27 25 1 50 ;6 august 2023;8 35;footbal
63;43 26 35 40 46 37 20 4 45 7 34 15 25 47 28 32 19 24 39 10 11 14 27 42 13 2 23 49 12 44 ;28 august 2021;8 53;music production
64;39 19 41 38 40 16 33 24 1 35 ;27 august 2024;8 17;error debugging
65;41 25 37 30 49 1 44 20 18 16 5 42 32 22 39 36 11 43 29 10 35 9 3 19 45 ;7 november 2020;6 35;painting
66;17 ;4 october 2019;13 0;error debugging
67;50 29 49 10 38 3 18 24 45 7 46 48 5 14 21 22 19 30 42 32 ;10 december 2018;22 12;algebra
68;9 17 45 20 33 39 18 23 11 47 25 30 ;4 june 2025;8 34;paintball
69;50 21 31 28 12 27 15 33 19 44 41 49 8 9 42 36 16 38 10 39 20 18 30 13 11 45 7 34 14 24 17 4 35 ;25 june 2020;13 52;twerk
70;38 41 17 28 44 10 24 39 32 5 23 13 16 35 34 26 46 29 30 19 48 ;17 november 2025;15 29;painting
71;34 3 25 6 37 8 21 17 7 9 45 35 40 50 44 23 11 2 5 48 15 13 1 20 33 16 14 43 24 ;11 march 2025;22 48;baseball
72;33 43 34 27 22 40 20 10 23 5 18 37 38 6 25 44 4 48 3 14 13 45 21 8 46 39 26 36 ;16 november 2017;8 27;voleyball
73;34 49 48 16 7 43 38 22 1 33 4 17 46 11 9 30 40 19 3 50 14 5 21 26 45 13 29 37 2 15 35 12 18 ;19 december 2017;22 57;painting
74;47 40 38 12 25 34 48 7 9 14 32 11 36 21 35 44 4 41 13 27 42 2 46 17 43 1 50 22 ;24 july 2025;23 4;math
75;47 19 14 23 21 8 16 6 25 10 11 9 1 13 22 33 36 30 3 44 35 50 15 49 39 46 27 17 31 ;22 january 2023;20 1;music production
76;40 5 49 16 29 14 30 36 44 37 34 10 6 32 39 12 ;1 august 2020;0 54;assembly
77;29 2 5 18 24 45 32 12 35 14 20 36 49 6 39 26 19 46 31 10 9 25 41 48 43 47 ;18 december 2020;1 18;ski
78;33 8 40 12 ;1 march 2019;15 21;airsoft
79;44 28 47 9 20 14 4 19 40 23 18 27 50 42 26 15 45 34 22 37 46 41 13 49 21 16 32 29 38 3 ;23 january 2024;22 41;paintball
80;24 30 41 31 10 2 38 18 20 34 44 39 8 43 36 32 47 23 22 50 27 46 49 17 7 29 9 48 45 19 6 ;30 january 2020;12 15;footbal
81;17 50 19 43 21 24 39 45 15 14 ;17 july 2019;12 5;airsoft
82;45 24 41 50 43 18 38 17 10 15 2 3 39 6 44 34 20 33 ;13 june 2024;17 1;voleyball
83;41 ;3 july 2018;11 15;math
84;32 ;19 july 2018;19 21;cycling
85;10 7 41 15 35 26 21 6 5 17 30 23 24 ;7 october 2017;17 43;snowboarding
86;24 26 25 6 41 5 10 22 23 15 20 50 40 ;1 november 2023;8 46;assembly
87;5 48 11 1 45 6 42 36 43 17 29 3 12 50 32 15 30 41 18 46 28 39 4 19 2 10 34 ;15 december 2020;12 6;math
88;1 8 33 7 13 32 24 26 34 28 3 11 38 31 37 43 23 36 46 12 30 45 50 19 25 41 ;11 december 2021;19 50;computational logic
89;17 14 41 36 13 27 19 20 30 39 22 1 33 25 40 7 10 24 23 5 18 47 6 21 28 3 ;10 august 2021;21 1;computational logic
90;27 35 14 41 33 26 48 23 8 18 32 17 49 20 16 11 4 30 19 31 50 25 ;6 june 2022;5 6;music production
91;20 21 35 24 38 26 43 ;5 march 2021;5 36;error debugging
92;7 37 20 10 31 30 15 14 42 16 28 50 44 5 ;22 february 2022;17 20;basketball
93;40 3 24 27 36 46 13 ;19 august 2022;13 38;twerk
94;48 20 2 30 22 31 9 ;5 november 2018;15 56;baseball
95;32 35 31 40 4 19 43 38 22 16 29 26 46 44 45 14 15 8 39 18 34 1 13 41 ;31 july 2021;2 13;airsoft
96;33 5 6 25 3 23 24 46 29 31 1 37 30 17 13 50 18 44 45 8 9 28 10 12 ;15 november 2025;4 15;baseball
97;46 17 22 40 32 43 4 27 42 34 14 11 38 35 41 9 33 30 12 45 2 7 23 49 5 10 15 28 24 37 47 1 19 ;1 march 2017;7 9;airsoft
98;29 41 25 9 12 31 18 28 21 45 4 17 32 3 47 13 37 19 46 26 27 33 2 23 5 43 11 14 42 48 8 16 ;21 november 2020;1 46;skateing
99;2 39 47 9 23 14 32 30 17 31 19 36 1 44 43 33 22 42 16 50 40 ;27 march 2020;5 40;painting
100;38 3 45 36 10 18 21 ;7 march 2025;15 41;algebra
